%YAML:1.0
---
mtx: !!opencv-matrix
   rows: 3
   cols: 3
   dt: d
   data: [ 1.0661584054083050e+03, 0., 2.6972028471398392e+02, 0.,
       1.0661584054083050e+03, 3.1792117299833075e+02, 0., 0., 1. ]
dist: !!opencv-matrix
   rows: 14
   cols: 1
   dt: d
   data: [ -2.3953860914257312e+01, 1.9171887103793003e+02,
       -5.3239460806223720e-03, 6.2298603347159453e-03,
       -7.0633695624998870e+02, -2.3779191909942291e+01,
       1.8963150821801091e+02, -7.1046825841921373e+02, 0., 0., 0., 0.,
       0., 0. ]
